FORMAT 1
 fake.rf 1440.00000000 53999.25282252073709088 1.00000 7 
 fake.rf 1440.00000000 54012.91739279580679778 1.00000 7 
 fake.rf 1440.00000000 54027.13831185081183506 1.00000 7 
 fake.rf 1440.00000000 54041.11031234930150191 1.00000 7 
 fake.rf 1440.00000000 54055.14755842595629431 1.00000 7 
 fake.rf 1440.00000000 54068.63326800514436954 1.00000 7 
 fake.rf 1440.00000000 54082.68682232611354266 1.00000 7 
 fake.rf 1440.00000000 54096.93726745305632164 1.00000 7 
 fake.rf 1440.00000000 54110.57207184259781130 1.00000 7 
 fake.rf 1440.00000000 54124.71797594760323236 1.00000 7 
 fake.rf 1440.00000000 54138.62870118158893007 1.00000 7 
 fake.rf 1440.00000000 54152.69145809841284844 1.00000 7 
 fake.rf 1440.00000000 54166.47717399070177891 1.00000 7 
 fake.rf 1440.00000000 54180.53802593057981341 1.00000 7 
 fake.rf 1440.00000000 54194.79235231568766551 1.00000 7 
 fake.rf 1440.00000000 54208.73010266493949771 1.00000 7 
 fake.rf 1440.00000000 54222.50488764964028832 1.00000 7 
 fake.rf 1440.00000000 54236.52105235995503918 1.00000 7 
 fake.rf 1440.00000000 54250.09902962125160997 1.00000 7 
 fake.rf 1440.00000000 54264.37104803500988837 1.00000 7 
 fake.rf 1440.00000000 54277.93904298188879665 1.00000 7 
 fake.rf 1440.00000000 54292.05187410093567379 1.00000 7 
 fake.rf 1440.00000000 54305.94321155698299464 1.00000 7 
 fake.rf 1440.00000000 54320.34961516814351867 1.00000 7 
 fake.rf 1440.00000000 54333.87972451406339758 1.00000 7 
 fake.rf 1440.00000000 54348.00434179862147133 1.00000 7 
 fake.rf 1440.00000000 54361.78534643909524249 1.00000 7 
 fake.rf 1440.00000000 54375.73313318101220304 1.00000 7 
 fake.rf 1440.00000000 54390.28831709443276665 1.00000 7 
 fake.rf 1440.00000000 54403.72964647760784374 1.00000 7 
 fake.rf 1440.00000000 54417.88787035762087996 1.00000 7 
 fake.rf 1440.00000000 54432.06709728054899600 1.00000 7 
 fake.rf 1440.00000000 54445.87788945052054501 1.00000 7 
 fake.rf 1440.00000000 54459.62859191041451368 1.00000 7 
 fake.rf 1440.00000000 54473.81804608717729366 1.00000 7 
 fake.rf 1440.00000000 54487.70431000137877220 1.00000 7 
 fake.rf 1440.00000000 54501.64561388569468647 1.00000 7 
 fake.rf 1440.00000000 54515.92684997121533641 1.00000 7 
 fake.rf 1440.00000000 54529.43511817678640696 1.00000 7 
 fake.rf 1440.00000000 54543.71611956229753204 1.00000 7 
 fake.rf 1440.00000000 54557.51481834399278625 1.00000 7 
 fake.rf 1440.00000000 54571.63870502971894538 1.00000 7 
 fake.rf 1440.00000000 54585.35402148063420569 1.00000 7 
 fake.rf 1440.00000000 54599.64332910430272605 1.00000 7 
 fake.rf 1440.00000000 54613.19962661821273286 1.00000 7 
 fake.rf 1440.00000000 54627.20749643064356249 1.00000 7 
 fake.rf 1440.00000000 54641.47278154267738870 1.00000 7 
 fake.rf 1440.00000000 54655.50875609811530964 1.00000 7 
 fake.rf 1440.00000000 54668.90434975999380640 1.00000 7 
 fake.rf 1440.00000000 54683.45250434235594028 1.00000 7 
 fake.rf 1440.00000000 54697.13205774830578321 1.00000 7 
 fake.rf 1440.00000000 54710.80053810151907356 1.00000 7 
 fake.rf 1440.00000000 54724.83308420812916850 1.00000 7 
 fake.rf 1440.00000000 54739.10886737308937811 1.00000 7 
 fake.rf 1440.00000000 54753.22197804901193052 1.00000 7 
 fake.rf 1440.00000000 54766.82285882085677997 1.00000 7 
 fake.rf 1440.00000000 54780.59481902073673609 1.00000 7 
 fake.rf 1440.00000000 54794.52716021575707117 1.00000 7 
 fake.rf 1440.00000000 54808.78071979386704271 1.00000 7 
 fake.rf 1440.00000000 54822.47942371306654152 1.00000 7 
 fake.rf 1440.00000000 54836.55798687781447498 1.00000 7 
 fake.rf 1440.00000000 54851.00799639283315301 1.00000 7 
 fake.rf 1440.00000000 54864.92415345074277511 1.00000 7 
 fake.rf 1440.00000000 54878.85173466379448470 1.00000 7 
 fake.rf 1440.00000000 54892.42400657958888033 1.00000 7 
 fake.rf 1440.00000000 54906.56784351400941802 1.00000 7 
 fake.rf 1440.00000000 54920.41991531164456575 1.00000 7 
 fake.rf 1440.00000000 54934.63838289155109251 1.00000 7 
 fake.rf 1440.00000000 54948.43501555365969580 1.00000 7 
 fake.rf 1440.00000000 54962.50024836368477921 1.00000 7 
 fake.rf 1440.00000000 54976.37127653171993558 1.00000 7 
 fake.rf 1440.00000000 54990.00483376203077768 1.00000 7 
 fake.rf 1440.00000000 55004.23217919733419379 1.00000 7 
 fake.rf 1440.00000000 55018.52341824503319501 1.00000 7 
 fake.rf 1440.00000000 55032.48450800789694881 1.00000 7 
 fake.rf 1440.00000000 55046.30637714729330412 1.00000 7 
 fake.rf 1440.00000000 55059.97704521501860242 1.00000 7 
 fake.rf 1440.00000000 55074.24164681314366376 1.00000 7 
 fake.rf 1440.00000000 55088.13771683869452644 1.00000 7 
 fake.rf 1440.00000000 55101.90887105187328388 1.00000 7 
 fake.rf 1440.00000000 55116.09318590580121722 1.00000 7 
 fake.rf 1440.00000000 55129.70703594112759305 1.00000 7 
 fake.rf 1440.00000000 55143.85156299924970824 1.00000 7 
 fake.rf 1440.00000000 55158.10665103840531742 1.00000 7 
 fake.rf 1440.00000000 55172.03450849140030599 1.00000 7 
 fake.rf 1440.00000000 55185.66370623794843553 1.00000 7 
 fake.rf 1440.00000000 55199.55790120586323155 1.00000 7 
 fake.rf 1440.00000000 55213.96261123180635622 1.00000 7 
 fake.rf 1440.00000000 55227.56237717688592426 1.00000 7 
 fake.rf 1440.00000000 55241.74835746178134244 1.00000 7 
 fake.rf 1440.00000000 55255.88999725287753151 1.00000 7 
 fake.rf 1440.00000000 55269.60655210812989324 1.00000 7 
 fake.rf 1440.00000000 55283.61410220569570129 1.00000 7 
 fake.rf 1440.00000000 55297.71012398606643856 1.00000 7 
 fake.rf 1440.00000000 55311.39248657880271764 1.00000 7 
 fake.rf 1440.00000000 55325.67720101868954075 1.00000 7 
 fake.rf 1440.00000000 55339.28861926408529470 1.00000 7 
 fake.rf 1440.00000000 55353.52794647178631138 1.00000 7 
 fake.rf 1440.00000000 55367.40268834251431329 1.00000 7 
 fake.rf 1440.00000000 55381.51563160453412138 1.00000 7 
 fake.rf 1440.00000000 55395.19175146059084369 1.00000 7 
 fake.rf 1440.00000000 55408.97574825992766634 1.00000 7 
 fake.rf 1440.00000000 55423.42714068833574004 1.00000 7 
 fake.rf 1440.00000000 55437.36883133351405206 1.00000 7 
 fake.rf 1440.00000000 55450.81562615784507031 1.00000 7 
 fake.rf 1440.00000000 55465.26633519930419070 1.00000 7 
 fake.rf 1440.00000000 55479.06812151736876615 1.00000 7 
 fake.rf 1440.00000000 55492.89047765563517700 1.00000 7 
 fake.rf 1440.00000000 55506.97734613761186040 1.00000 7 
 fake.rf 1440.00000000 55520.71342856175430214 1.00000 7 
 fake.rf 1440.00000000 55535.01183161352719608 1.00000 7 
 fake.rf 1440.00000000 55548.65457554692594400 1.00000 7 
 fake.rf 1440.00000000 55562.70940024110122479 1.00000 7 
 fake.rf 1440.00000000 55576.52388909073364331 1.00000 7 
 fake.rf 1440.00000000 55590.45994769682966208 1.00000 7 
 fake.rf 1440.00000000 55604.48085651832155918 1.00000 7 
 fake.rf 1440.00000000 55618.62943608876068424 1.00000 7 
 fake.rf 1440.00000000 55632.49791465829216364 1.00000 7 
 fake.rf 1440.00000000 55646.29509277749999896 1.00000 7 
 fake.rf 1440.00000000 55660.74833110501213440 1.00000 7 
 fake.rf 1440.00000000 55674.17435026795570252 1.00000 7 
 fake.rf 1440.00000000 55688.15139328801224394 1.00000 7 
 fake.rf 1440.00000000 55702.35941351020330714 1.00000 7 
 fake.rf 1440.00000000 55716.49787498032502242 1.00000 7 
 fake.rf 1440.00000000 55730.60916590319507335 1.00000 7 
 fake.rf 1440.00000000 55744.53777546580119662 1.00000 7 
 fake.rf 1440.00000000 55758.33250914708056101 1.00000 7 
 fake.rf 1440.00000000 55772.09344609055866471 1.00000 7 
 fake.rf 1440.00000000 55786.29960771615552417 1.00000 7 
 fake.rf 1440.00000000 55800.00731009740863442 1.00000 7 
 fake.rf 1440.00000000 55813.91941539067028089 1.00000 7 
 fake.rf 1440.00000000 55827.83992404944902077 1.00000 7 
 fake.rf 1440.00000000 55842.03651608503777837 1.00000 7 
 fake.rf 1440.00000000 55855.77157249526469585 1.00000 7 
 fake.rf 1440.00000000 55869.67199750883177600 1.00000 7 
 fake.rf 1440.00000000 55884.02027730180367016 1.00000 7 
 fake.rf 1440.00000000 55897.57760233082604628 1.00000 7 
 fake.rf 1440.00000000 55911.98470641534722247 1.00000 7 
 fake.rf 1440.00000000 55925.52690149273518117 1.00000 7 
 fake.rf 1440.00000000 55939.87598794175285022 1.00000 7 
 fake.rf 1440.00000000 55953.39073411583767381 1.00000 7 
 fake.rf 1440.00000000 55967.93622507011984268 1.00000 7 
 fake.rf 1440.00000000 55981.29961522896272896 1.00000 7 
 fake.rf 1440.00000000 55995.57407855954077647 1.00000 7 
 fake.rf 1440.00000000 56009.30561794987899304 1.00000 7 
