1               1949.609 53478.2858714192189    21.71         
1               1949.609 53483.2767051885166    21.95         
1               1949.609 53489.4683897879295    29.95         
1               1724.609 53679.8756459205251    25.46         
1               1874.609 53679.8756453650567    23.43         
1               2024.609 53679.8756449272914    31.67         
1               2174.609 53679.8756445778781    30.26         
1               1949.609 53679.8756451335503    13.52         
1               1949.609 53681.7007509988252    21.64         
1               1949.609 53681.9545449023499    27.41         
1               1949.609 53683.7367877656943    24.58         
1               1949.609 53685.7374590401378    23.52         
1               1949.609 53687.6863983764488    21.71         
1               1949.609 53687.9503273930386    21.47         
1               1949.609 53690.8505220994703    17.72         
1               1949.609 53695.6955732738643    28.88         
1               1949.609 53695.8589078904115    14.63         
1               1949.609 53700.7198324175333    38.03         
1               1949.609 53700.8664964153504    31.47         
1               1949.609 53709.6375169536477    33.26         
1               1949.609 53709.8096123252908    13.88         
1               1949.609 53740.5674746683580    26.89         
1               1949.609 53740.7745986861191    18.29         
C 1               1949.609 53771.6865767660638    15.56         
1               1949.609 53801.3860512006213    21.48         
1               1949.609 53801.5914330076630    17.88         
1               1949.609 53833.2978103024943    18.59         
1               1949.609 53833.5024577166259    19.03         
1               1949.609 53843.3320793752500    15.07         
1               1949.609 53865.1847677801488    21.58         
1               1949.609 53865.3759513749319    14.72         
1               1949.609 53895.1128342639131    25.14         
1               1949.609 53895.3234693978520    14.65         
1               1949.609 53920.0527417245321    19.29         
1               1949.609 53920.2397147375668    13.25         
1               1949.609 53954.9721608230902    20.71         
1               1949.609 53955.1745617578272    23.57         
1               1949.609 53980.9030418049442    23.45         
1               1949.609 53981.1198134300357    22.16         
1               1949.609 54010.8214331092604    23.53         
1               1949.609 54011.0317678723295    21.01         
1               1949.609 54050.7047431559331    21.66         
1               1949.609 54050.9462470846556    75.30         
1               1949.609 54093.6566052284034    19.65         
1               1949.609 54095.6533073684186    16.28         
1               1949.609 54098.6648705992338    21.93         
1               1949.609 54099.7097847910045    14.00         
1               1949.609 54148.6865194328348    19.35         
1               1949.609 54150.4251333752400    32.92         
1               1549.609 54151.5268221946390    33.83         
1               1549.609 54152.7174473185805   118.43         
1               1949.609 54153.5485841298942    16.45         
1               1949.609 54160.5228633859879    30.18         
1               1949.609 54187.3315834930690    21.80         
1               1949.609 54187.5873241699155    20.75         
1               1687.109 54099.7097857411063    32.75         
1               1762.109 54099.7097854257299    31.29         
1               1837.109 54099.7097851481085    37.13         
1               1912.109 54099.7097849032798    37.40         
1               1987.109 54099.7097846849865    35.24         
1               2062.109 54099.7097844915406    50.83         
1               2137.109 54099.7097843152005    38.43         
1               2212.109 54099.7097841593641    48.59         
