MODE
EFAC 1.2
FMIN 1000
7               1390.000 51884.1141599825014    38.50               237.4300
7               1390.000 52500.4316012155339    33.13               237.4300
C 1               1624.609 53193.2398175067152    47.35               237.4300
1               1949.609 53204.0329600173269    23.80               237.4300
1               1949.609 53204.0944327166397    18.30               237.4300
1               1949.609 53204.1559054458278    20.86               237.4300
1               1949.609 53204.2173782062024    16.87               237.4300
C 1               1949.609 53227.0473105636471    14.28               237.4300
C 1               1949.609 53227.1720911156016    19.70               237.4300
1               1949.609 53228.0519341221856    27.10               237.4300
1               1949.609 53228.1328594774329    18.43               237.4300
1               1949.609 53228.1967934597756    25.15               237.4300
C 1               1949.609 53281.8238055774975    15.45               237.4300
C 1               1949.609 53281.8859044308941    13.35               237.4300
C 1               1949.609 53281.9480035596615    10.72               237.4300
1               1949.609 53282.0101024616791    11.63               237.4300
C 1               1949.609 53319.6925269878618    21.80               237.4300
C 1               1949.609 53319.7079741529803    15.58               237.4300
C 1               1949.609 53319.7270641220267    32.23               237.4300
C 1               1949.609 53319.7422747395111    22.66               237.4300
C 1               1949.609 53319.7604792212595    20.01               237.4300
C 1               1949.609 53319.8399812381033     9.04               237.4300
C 1               1949.609 53319.8941770537395    11.82               237.4300
C 1               1949.609 53319.9483728838641    11.36               237.4300
1               1949.609 53378.5710808469494    20.34               237.4300
1               1949.609 53378.5971786910169    17.22               237.4300
1               1949.609 53378.6805682107876    13.12               237.4300
1               1949.609 53378.7250355795806    15.72               237.4300
1               1949.609 53378.7695032086018    12.99               237.4300
C 1               1949.609 53414.4428843980493    14.19               237.4300
C 1               1949.609 53414.4898082897205    15.72               237.4300
C 1               1949.609 53414.5367319418915    12.12               237.4300
C 1               1949.609 53414.5836558579916    14.83               237.4300
C 1               1949.609 53414.6396099784191    10.91               237.4300
1               1937.305 53434.4197727833470    25.02               237.4300
1               1937.305 53434.5304264627172    23.43               237.4300
C 1               1949.609 53438.4077445525302    15.16               237.4300
C 1               1949.609 53438.4611250489392    16.98               237.4300
C 1               1949.609 53438.5145053137772    20.84               237.4300
C 1                820.024 53452.4396257276920   129.44               237.4300
1               1949.609 53458.3129503817420    18.78               237.4300
1               1949.609 53458.3781075671528    11.53               237.4300
1               1949.609 53458.4432650306335    12.24               237.4300
1               1949.609 53458.5084222745371    13.78               237.4300
C 1               1949.609 53474.3046054094775    16.36               237.4300
C 1               1949.609 53474.3601800113272    13.12               237.4300
C 1               1949.609 53474.4157543856710    14.39               237.4300
C 1               1949.609 53474.4713290345175    14.98               237.4300
1               1949.609 53493.2343905766342    13.67               237.4300
1               1949.609 53493.3081695589683    11.13               237.4300
1               1949.609 53493.3819485843898    11.51               237.4300
1               1949.609 53493.4557274021357    14.39               237.4300
C 1               1949.609 53500.2272325868551    10.92               237.4300
C 1               1949.609 53500.3046814231140    10.69               237.4300
C 1               1949.609 53500.3821305591528     9.93               237.4300
C 1               1949.609 53500.4595794909738    15.50               237.4300
1               1949.609 53506.1917197423640    12.28               237.4300
1               1949.609 53506.2733047031300    10.17               237.4300
1               1949.609 53506.3548897173062     9.28               237.4300
1               1949.609 53506.4364747848465    11.32               237.4300
C 1                820.024 53507.3131600284903    68.29               237.4300
1               1949.609 53519.1453494645605    24.81               237.4300
1               1949.609 53519.1899576223934    20.14               237.4300
1               1949.609 53519.2345657947918    17.41               237.4300
1               1949.609 53519.2791739833452    15.34               237.4300
C 1               1949.609 53526.1384481690076    15.97               237.4300
C 1               1949.609 53526.2211981997709    13.76               237.4300
C 1               1949.609 53526.3039482866110    12.06               237.4300
C 1               1949.609 53526.3866984297002    13.69               237.4300
1               1949.609 53553.0777565834292    11.47               237.4300
1               1949.609 53553.1561376841356    11.46               237.4300
1               1949.609 53553.2345188365244    10.41               237.4300
1               1949.609 53553.3128997877853    10.42               237.4300
C 1               1949.609 53579.0840941133625    10.21               237.4300
C 1               1949.609 53579.1477660978674     9.53               237.4300
C 1               1949.609 53579.2114378638523    10.18               237.4300
C 1               1949.609 53579.2751096583959    27.10               237.4300
1               1949.609 53600.9465212816330    16.06               237.4300
C 1               1949.609 53601.0272472472110    15.02               237.4300
C 1               1949.609 53601.1079730115083    13.91               237.4300
C 1               1949.609 53601.1886988234385    14.65               237.4300
1               1599.609 53624.1235669372424    18.81               237.4300
1               1949.609 53624.8879581426078    10.87               237.4300
1               1949.609 53624.9630625047381    10.86               237.4300
C 1               1949.609 53625.0381666555553    10.55               237.4300
C 1               1949.609 53625.1132710949616    11.76               237.4300
1               4599.609 53627.1118241155749    32.25               237.4300
C 1               1949.609 53637.8485238397841    13.83               237.4300
C 1               1949.609 53637.9108704422233    14.40               237.4300
C 1               1949.609 53637.9732170707301    12.58               237.4300
1               1949.609 53638.0355637247947    10.21               237.4300
C 1               1949.609 53658.8552825929770    12.51               237.4300
C 1               1949.609 53658.9142940419101    11.72               237.4300
C 1               1949.609 53658.9733055120788    11.02               237.4300
C 1               1949.609 53659.0323170007694    14.31               237.4300
1               1949.609 53678.7931019494240    10.65               237.4300
1               1949.609 53678.8521282864975     9.50               237.4300
1               1949.609 53678.9111541410419    11.45               237.4300
1               1949.609 53678.9701802647162    13.98               237.4300
C 1               1949.609 53702.6821591134776    12.13               237.4300
C 1               1949.609 53702.7570304794181    11.83               237.4300
C 1               1949.609 53702.8319016227806    12.49               237.4300
C 1               1949.609 53702.9067727933758    15.13               237.4300
1               1949.609 53727.5804263969777    15.52               237.4300
1               1949.609 53727.6585452753594    11.32               237.4300
1               1949.609 53727.7366641825348    13.44               237.4300
1               1949.609 53727.8147831204593    13.14               237.4300
C 1               1949.609 53746.5513623162564    17.08               237.4300
C 1               1949.609 53746.6440157922926    13.73               237.4300
C 1               1949.609 53746.7561975405590    14.29               237.4300
1               1949.609 53769.4888814232527    13.39               237.4300
1               1949.609 53769.5631700710329    14.65               237.4300
1               1949.609 53769.6374590000336    17.41               237.4300
1               1949.609 53769.7117477076478    15.43               237.4300
C 1               1949.609 53803.3892463399706    13.38               237.4300
C 1               1949.609 53803.4652827345506    10.35               237.4300
C 1               1949.609 53803.5413189154708    11.93               237.4300
C 1               1949.609 53803.6173553838525    10.99               237.4300
1               1949.609 53804.3786410574598    15.21               237.4300
1               1949.609 53804.4550413510766    11.68               237.4300
1               1949.609 53804.5314419332193    13.87               237.4300
1               1949.609 53804.6078423014694    11.60               237.4300
C 1               1949.609 53805.3766565360218    14.93               237.4300
C 1               1949.609 53805.4391342729346    11.71               237.4300
C 1               1949.609 53805.6069971508287    11.55               237.4300
1               1949.609 53810.3934815911957    11.01               237.4300
1               1949.609 53810.4661829378031    11.07               237.4300
1               1949.609 53810.5388840695888     9.60               237.4300
1               1949.609 53810.6115852347697    10.84               237.4300
C 1               1949.609 53814.3539360574175     9.37               237.4300
C 1               1949.609 53814.4311812578007     9.67               237.4300
C 1               1949.609 53814.5084262470184     9.74               237.4300
C 1               1949.609 53814.5856712763542    11.38               237.4300
1               1949.609 53819.3373143730838    10.41               237.4300
1               1949.609 53819.4162926985883    10.07               237.4300
1               1949.609 53819.4952708156852     9.74               237.4300
1               1949.609 53819.5742489758889    10.95               237.4300
C 1               1949.609 53830.3355239031192    11.08               237.4300
C 1               1949.609 53830.4952570055973    11.36               237.4300
1               1949.609 53896.1322666012531    10.25               237.4300
1               1949.609 53896.2103854855885     8.09               237.4300
1               1949.609 53896.2885044204654     9.61               237.4300
1               1949.609 53896.3666231545722     8.56               237.4300
C 1               1949.609 53956.9602324745583    10.64               237.4300
C 1               1949.609 53957.0369676777244     7.97               237.4300
C 1               1949.609 53957.1137031770464     9.00               237.4300
C 1               1949.609 53957.1904384707759    11.04               237.4300
1               1949.609 54015.8105046982327     9.48               237.4300
1               1949.609 54015.8869052210198     7.49               237.4300
1               1949.609 54015.9633055288934     7.78               237.4300
C 1               1949.609 54016.0397058721484    10.21               237.4300
1               1949.609 54073.6679588121571     9.12               237.4300
1               1949.609 54073.7422766096181     8.74               237.4300
1               1949.609 54073.8165944349038    10.31               237.4300
1               1949.609 54073.8909122866030    12.36               237.4300
C 1               1949.609 54138.4742558540637    15.45               237.4300
C 1               1949.609 54138.5532050308170    12.54               237.4300
C 1               1949.609 54138.6321539908783    11.78               237.4300
C 1               1949.609 54138.7111029848700    19.23               237.4300
1               1949.609 54194.3022432316981    11.85               237.4300
1               1949.609 54194.3670509397107    10.20               237.4300
1               1949.609 54194.4456235150975     9.39               237.4300
1               1949.609 54194.5062661208433    10.22               237.4300
1               1949.609 54194.5645029989302    15.74               237.4300
C 1               1949.805 54379.8141327653193     8.19               237.4300
C 1               1949.805 54379.8908682307835     7.12               237.4300
C 1               1949.805 54379.9676037328878     7.26               237.4300
C 1               1949.805 54380.0443390201080     9.80               237.4300
1               1949.805 54437.6652162871561     6.86               237.4300
1               1949.805 54437.7353688164280     9.94               237.4300
1               1949.805 54437.8055216212704     8.34               237.4300
1               1949.805 54437.8756741994527     7.55               237.4300
C 1               1949.805 54500.4861601414669    10.32               237.4300
C 1               1949.805 54500.5616722118104    10.05               237.4300
C 1               1949.805 54500.6371840624335     8.81               237.4300
C 1               1949.805 54500.7126961947894     9.59               237.4300
1               1949.805 54556.3283705354965     9.09               237.4300
1               1949.805 54556.4038826120851     8.45               237.4300
1               1949.805 54556.4793944783861     8.44               237.4300
1               1949.805 54556.5549066353403    11.30               237.4300
C 1               1949.805 54626.1560930464001     8.72               237.4300
C 1               1949.805 54626.2302217070597     9.82               237.4300
C 1               1949.805 54626.3043501632810     9.82               237.4300
C 1               1949.805 54626.3784786638981    13.85               237.4300
1               2049.805 54721.9245586812622     9.74               237.4300
1               2049.805 54722.0686503756694    11.26               237.4300
C 1               1999.805 54781.7521709772039    15.54               237.4300
C 1               1999.805 54781.8193818795024    12.54               237.4300
C 1               1999.805 54781.8865928063263    11.31               237.4300
C 1               1999.805 54781.9538035048263    15.49               237.4300
1               2029.869 54721.8911010274735   12.787                 0.00000
1               2029.869 54721.9675379557853   12.472                 0.00000
1               2029.869 54722.0440634773581   13.985                 0.00000
1               2029.869 54722.1100430239041   19.087                 0.00000
C 1               2007.957 54960.2325044210703   13.834                 0.00000
C 1               2007.957 54960.3089197905432   14.455                 0.00000
C 1               2007.957 54960.3853344552427   15.576                 0.00000
C 1               2007.957 54960.4582758591579   17.030                 0.00000
1               1557.720 55037.0021742962783   27.004                 0.00000
C 1               2030.995 55057.9522269885022   19.952                 0.00000
C 1               2030.995 55058.0175977496108   10.122                 0.00000
C 1               2030.995 55058.1009596587255   10.010                 0.00000
C 1               2030.995 55058.1843216207399   12.643                 0.00000
1               2035.249 55136.7497611600125   15.828                 0.00000
1               2035.249 55136.8261763671466   19.410                 0.00000
1               2035.249 55136.9025913553665   18.333                 0.00000
1               2035.249 55136.9755325995169   22.362                 0.00000
C 1               1499.567 55317.3919395435634   10.131                 0.00000
C 1               1499.567 55317.4561822221521   20.716                 0.00000
1               2009.659 55324.2567425865681   10.556                 0.00000
1               2009.659 55324.3123270926357   11.799                 0.00000
1               2009.659 55324.3673319877357   11.293                 0.00000
1               2009.659 55324.4182847258096   16.644                 0.00000
C 1               2000.592 55422.9507883670202   11.884                 0.00000
C 1               2000.592 55423.0306907167950    9.926                 0.00000
C 1               2000.592 55423.1105931151448   11.596                 0.00000
C 1               2000.592 55423.1887584097082   13.118                 0.00000
1                819.931 55472.8639592073520   46.753                 0.00000
1                819.931 55473.0151792076532   61.243                 0.00000
C 1               1497.699 55496.7579588793488   11.219                 0.00000
C 1               1497.699 55496.8343552117115    9.434                 0.00000
C 1               1497.699 55496.9107513258497   11.351                 0.00000
C 1               1497.699 55496.9871474723757   12.534                 0.00000
1               1497.855 55614.4363961185786    9.887                 0.00000
1               1497.855 55614.5093200373242    9.392                 0.00000
1               1497.855 55614.5822434861161    9.836                 0.00000
1               1497.855 55614.6551674678754   11.263                 0.00000
C 1               1498.109 55653.3201348676615    9.351                 0.00000
C 1               1498.109 55653.4014245796622    9.386                 0.00000
C 1               1498.109 55653.4798726873716    9.537                 0.00000
C 1               1498.109 55653.5562687280529   14.032                 0.00000
1               1498.109 55743.0972755997560   11.847                 0.00000
1               1498.109 55743.1714148659705   11.044                 0.00000
1               1498.109 55743.2431235701988   12.156                 0.00000
1               1498.109 55743.3160471189821   13.413                 0.00000
C 1               1496.165 55829.8324617104760    9.865                 0.00000
C 1               1496.165 55829.9123303739932    7.441                 0.00000
C 1               1496.165 55829.9921990789134    7.668                 0.00000
C 1               1496.165 55830.0720678250815    9.479                 0.00000
C 1               1496.634 55931.5671366323952   12.348                 0.00000
C 1               1496.634 55931.6400607624497   10.413                 0.00000
C 1               1496.634 55931.7129841670469   12.105                 0.00000
C 1               1496.634 55931.7859083502962   10.989                 0.00000
1               1496.634 56023.3109916959869    9.079                 0.00000
1               1496.634 56023.3908602811298    8.396                 0.00000
1               1496.634 56023.4689930684263    8.999                 0.00000
1               1496.634 56023.5453890507454    9.057                 0.00000
C 1               2017.275 56028.2926371999440   12.895                 0.00000
C 1               2017.275 56028.3621175265153    9.432                 0.00000
C 1               2017.275 56028.4107541522996   19.367                 0.00000
C 1               2017.275 56028.5213496890294   14.978                 0.00000
1               1999.333 56032.2726256268086   13.498                 0.00000
1               1999.333 56032.3421061555044   10.667                 0.00000
1               1999.333 56032.3942166373249   14.230                 0.00000
C 1               2014.436 56399.2727645554242   15.765                 0.00000
C 1               2014.436 56399.3422449398997   13.628                 0.00000
C 1               2014.436 56399.4117253601258   12.032                 0.00000
C 1               2014.436 56399.4742576193533   13.229                 0.00000
1               1496.634 56113.0558059360241    9.038                 0.00000
1               1496.634 56113.1252570743617    6.922                 0.00000
1               1496.634 56113.1947080008701    7.421                 0.00000
1               1496.634 56113.2641597202860    7.668                 0.00000
1               1496.634 56113.3197200184919   12.777                 0.00000
C 1               1496.634 56206.8169977715971   15.186                 0.00000
C 1               1496.634 56206.8864491175897   14.262                 0.00000
C 1               1496.634 56206.9559002424668   13.998                 0.00000
C 1               1496.634 56207.0253511465077   14.413                 0.00000
1               1496.634 56299.5550535507605   11.452                 0.00000
1               1496.634 56299.6245049545712    9.758                 0.00000
1               1496.634 56299.6939556298971   12.547                 0.00000
1               1496.634 56299.7634070821576   11.149                 0.00000
1               1496.634 56299.8102869614278   29.112                 0.00000
C 1               1496.634 56389.2973795170003   11.264                 0.00000
C 1               1496.634 56389.3598858180176   81.810                 0.00000
C 1               1496.634 56389.4257361394163    9.094                 0.00000
C 1               1496.634 56389.4951874928593   11.693                 0.00000
C 1               1496.634 56389.5507483482321   18.479                 0.00000
1               1496.634 56474.2568239588419    7.535                 0.00000
1               1496.634 56474.3228028941350    9.948                 0.00000
C 1               1496.634 56587.7565114300710   11.291                 0.00000
C 1               1496.634 56587.8259632564133    8.006                 0.00000
C 1               1496.634 56587.8954146078283    8.474                 0.00000
C 1               1496.634 56587.9648652351385    9.499                 0.00000
C 1               1496.634 56588.0204264068482   14.106                 0.00000
1               1496.634 56742.3417199453861    7.687                 0.00000
1               1496.634 56742.3851268426390   15.608                 0.00000
1               1496.634 56742.4548454151333    6.312                 0.00000
1               1496.634 56742.5242961601437    7.781                 0.00000
1               1496.634 56742.5868020829655    9.982                 0.00000
C 1               2006.436 56778.2282511029608   13.951                 0.00000
C 1               2006.436 56778.2977311873638   12.767                 0.00000
C 1               2006.436 56778.3672118098763   10.917                 0.00000
C 1               2006.436 56778.4366922200389   11.145                 0.00000
C 1               2006.436 56778.4853280261671   21.751                 0.00000
1               1496.634 56798.1737914031022   10.218                 0.00000
C 1               1497.224 56941.7915927661344   11.881                 0.00000
C 1               1497.224 56941.8610439373647    8.925                 0.00000
C 1               1497.224 56941.9304953878481    9.404                 0.00000
C 1               1497.224 56941.9999466175517   10.679                 0.00000
C 1               1497.224 56942.0537710994694   17.101                 0.00000
1               1496.634 57026.5534679290633   10.588                 0.00000
1               1496.634 57026.6229189866355    8.756                 0.00000
1               1496.634 57026.6923700674004    9.249                 0.00000
1               1496.634 57026.7618214236224    8.136                 0.00000
1               1496.634 57026.8139097039074   14.247                 0.00000
C 1               2006.316 57209.0537138211906   15.241                 0.00000
C 1               2006.316 57209.1058242657021   17.284                 0.00000
C 1               2006.316 57209.1659939269072   12.527                 0.00000
C 1               2006.316 57209.2354740030239   14.140                 0.00000
C 1               2006.316 57209.3014804997311   18.283                 0.00000
1               1497.838 57306.0020903189027   10.091                 0.00000
1               1497.838 57306.0559153465343   17.207                 0.00000
1               1497.838 57305.7985022927614   11.479                 0.00000
1               1497.838 57305.8540636751610   13.922                 0.00000
C 1               1496.634 56671.5327733333745    9.433                 0.00000
C 1               1496.634 56671.6022249826208    8.249                 0.00000
C 1               1496.634 56671.6716756529525    7.876                 0.00000
C 1               1496.634 56671.7411268496776    9.059                 0.00000
C 1               1496.634 56671.7932152611377   15.563                 0.00000
1               2006.735 56745.3191766059439    8.518                 0.00000
1               2006.735 56745.3898460203762    7.501                 0.00000
1               2006.735 56745.4581378158046    7.716                 0.00000
1               2006.735 56745.5276174683716    8.702                 0.00000
1               2006.735 56745.5727798609095   14.671                 0.00000
C 1               1496.634 56787.2039074747688   12.743                 0.00000
1               1496.634 56838.0701805197420    9.054                 0.00000
1               1496.634 56838.1396323042825    7.825                 0.00000
1               1496.634 56838.2090831248603    7.749                 0.00000
1               1496.634 56838.2663804525587    9.592                 0.00000
C 1               2020.140 56943.7897440312417    9.676                 0.00000
C 1               2020.140 56943.8592239646206    9.515                 0.00000
C 1               2020.140 56943.9287046792215    8.890                 0.00000
C 1               2020.140 56943.9979922648953   10.530                 0.00000
C 1               2020.140 56944.0502949939644   15.811                 0.00000
1               2004.531 57119.2989104460971   11.676                 0.00000
1               2004.531 57119.3683913160184   10.527                 0.00000
1               2004.531 57119.4378709664206   10.240                 0.00000
1               2004.531 57119.5073514050800   11.879                 0.00000
1               2004.531 57119.5611989797275   20.970                 0.00000
C 1               2006.735 57299.8101609836892   12.139                 0.00000
C 1               2006.735 57299.8796407603120   12.298                 0.00000
C 1               2006.735 57299.9491213190087   11.909                 0.00000
C 1               2006.735 57300.0186016577477   11.319                 0.00000
C 1               2006.735 57300.0672376346169   22.139                 0.00000
