MODE 1
EFAC 1.18
C TOAs obs 1
1               1949.609 53458.3129494638772    44.55
1               1949.609 53458.3781068463621    49.97
1               1949.609 53458.4432641894762    48.60
C 1               1949.609 53458.5084215124557    57.54
JUMP
C TOAs obs 2
1               1949.609 53678.8029391259629    65.24
1               1949.609 53678.8816405804458    53.27
1               1949.609 53678.9603419996734    54.86
JUMP
JUMP
C TOAs obs 3
1               1949.609 53819.3504766088215   126.28
C 1               1949.609 53819.4557808233201    51.61
1               1949.609 53819.5610850231978    40.91
JUMP
JUMP
C TOAs obs 4
C 1               1949.609 53956.9730207354272    92.59
1               1949.609 53957.0753345848491   122.05
1               1949.609 53957.1776483878599    43.11
JUMP
JUMP
C TOAs obs 5
1               1949.609 54073.6803442970211    79.75
1               1949.609 54073.7794346616240    45.77
1               1949.609 54073.8785250725160    78.56
JUMP
JUMP
C TOAs obs 6
1               1949.609 54138.4874132419030    76.17
1               1949.609 54138.5926786057518    66.47
1               1949.609 54138.6979439654630    65.71
JUMP
JUMP
C TOAs obs 7
1               1949.805 54379.8269212041268    29.94
1               1949.805 54379.9292350829300    56.83
1               1949.805 54380.0315488884286    67.35
JUMP
JUMP
C TOAs obs 8
1               1949.805 54437.6769076817379    61.59
1               1949.805 54437.7704445892300    48.17
1               1949.805 54437.8639814047477    44.05
JUMP
JUMP
C TOAs obs 9
1               1949.805 54500.4987446007970   108.14
C 1               1949.805 54500.5994272449673    97.23
1               1949.805 54500.7001099900869    56.08
JUMP
JUMP
C TOAs obs 10
1               1949.805 54556.3409552395722    35.71
1               1949.805 54556.4416379214861    58.13
C 1               1949.805 54556.5423206935984    50.31
JUMP
JUMP
C TOAs obs 11
1               1999.805 54781.7521701825795    48.42
1               1999.805 54781.8193809938854    81.30
1               1999.805 54781.8865917634529    46.15
1               1999.805 54781.9538025549204    61.58
JUMP
JUMP
C TOAs obs 12
TIME +0.001314560
C 1               1499.219 55496.7583576057139    59.81
1               1499.219 55496.8355590418275    47.04
1               1499.219 55496.9127604335593    57.38
1               1499.219 55496.9899618587971    47.15
JUMP
JUMP
C TOAs obs 13
1               1499.219 55614.4364149161553    45.60
1               1499.219 55614.5093837911321    95.56
C 1               1499.219 55614.5823527520145    70.42
1               1499.219 55614.6553215675568    50.98
JUMP
JUMP
C TOAs obs 14
1               1499.219 55653.3315132400402   106.45
1               1499.219 55653.4341462182363    51.90
1               1499.219 55653.5367792045035    42.55
JUMP
JUMP
C TOAs obs 15
1               1499.219 55743.1097570282448    48.40
1               1499.219 55743.2076508232302    39.90
1               1499.219 55743.3055446307081    64.18
JUMP
JUMP
C TOAs obs 16
1               1499.219 55829.8327322273834    53.13
1               1499.219 55829.9131503087414    47.43
1               1499.219 55829.9935684329812    81.50
1               1499.219 55830.0739865963224    56.08
JUMP
JUMP
C TOAs obs 17
1               1499.219 55931.5674943485286    64.95
1               1499.219 55931.6411404309784    44.81
1               1499.219 55931.7147864723782    52.88
C 1               1499.219 55931.7884325375823    58.49
JUMP
JUMP
C TOAs obs 18
1               1499.219 56113.0613982664305    59.77
1               1499.219 56113.1420421298775    33.49
1               1499.219 56113.2226860446943    56.21
1               1499.219 56113.3033298753456    56.12
JUMP
JUMP
C TOAs obs 19
1               1499.219 56206.8289203797129    51.17
1               1499.219 56206.9222242492956    95.59
1               1499.219 56207.0155281037799    53.78
JUMP
JUMP
C TOAs obs 20
1               1499.219 56389.3014204669157    59.81
1               1499.219 56389.3789604339670    45.38
1               1499.219 56389.4565005106675    61.53
C 1               1499.219 56389.5340404912488   109.83
JUMP
JUMP
C TOAs obs 21
1               1499.219 56587.7750934554328    50.15
1               1499.219 56587.8817156889166    60.25
1               1499.219 56587.9883379151098    65.51
JUMP
JUMP
C TOAs obs 22
1               1499.219 56671.5506026190046    99.57
1               1499.219 56671.6557199234063    69.62
1               1499.219 56671.7608372192487   189.84
JUMP
JUMP
C TOAs obs 23
1               1499.219 56742.3377358917340    47.63
1               1499.219 56742.3992260796010    42.47
1               1499.219 56742.4607163631844    30.62
1               1499.219 56742.5222066039008    46.76
1               1499.219 56742.5836968697528    31.48
TIME -0.001314560
JUMP
JUMP
C TOAs obs 24
TIME +0.000495360
1               1999.219 56745.3591279823215    75.33
1               1999.219 56745.5085182145348    41.75
JUMP
JUMP
C TOAs obs 25
C 1               1999.219 56778.2445931069200    63.89
1               1999.219 56778.3467655931140    74.69
1               1999.219 56778.4489380707135    52.47
JUMP
JUMP
TIME -0.000495360
C TOAs obs 26
TIME +0.001314560
1               1499.219 56787.1847704066735    88.01
C 1               1499.219 56787.2055379593419    73.62
1               1499.219 56787.2263056357913   111.32
JUMP
JUMP
C TOAs obs 27
1               1499.219 56941.8358142436484    93.65
1               1499.219 56941.9937160111719    94.28
TIME -0.001314560
JUMP
JUMP
C TOAs obs 28
TIME +0.000495360
1               1999.219 56943.8334497420017   106.32
1               1999.219 56943.9903492999805   105.61
TIME -0.000495360
JUMP
JUMP
C TOAs obs 29
TIME +0.001314560
1               1499.219 57026.5711465586515    87.06
1               1499.219 57026.6759629212870    42.72
1               1499.219 57026.7807792018647    74.13
TIME -0.001314560
JUMP
JUMP
C TOAs obs 30
TIME +0.000495360
1               1999.219 57119.3173388124907   112.02
1               1999.219 57119.4236831048982    77.33
1               1999.219 57119.5300274136386    60.70
JUMP
JUMP
C TOAs obs 31
C 1               1999.219 57209.0714213709469   120.10
1               1999.219 57209.1763245403471    75.61
1               1999.219 57209.2812276795990    59.34
JUMP
JUMP
C TOAs obs 32
1               1999.219 57299.8267303807649    55.48
1               1999.219 57299.9293579097137    46.70
C 1               1999.219 57300.0319854992865   115.60
TIME -0.000495360
JUMP
JUMP
C TOAs obs 33
TIME +0.001314560
C 1               1499.219 57305.8028252772159    83.69
1               1499.219 57305.8809296738777    66.52
1               1499.219 57305.9590339745232    36.92
C 1               1499.219 57306.0371383359551    69.18
TIME -0.001314560
JUMP
JUMP
C TOAs obs 34
TIME +0.000495360
1               1999.219 57387.5823755633759    76.35
C 1               1999.219 57387.6598582192917    87.18
1               1999.219 57387.7373408968896    78.70
C 1               1999.219 57387.8148235382687    85.01
TIME -0.000495360
JUMP

















