   MJD       EECO-REF    NIST-REF NS      DATE    COMMENTS
=========    ========    ======== ==    ========  ========
 00000.0        0.0         0.0   8                 Jodrell -- no clock corr
 50452.23       0.0        -0.295 8    04-Jan-97
 50452.73       0.0        -0.305 8    04-Jan-97
 50453.23       0.0        -0.296 8    05-Jan-97
 50453.73       0.0        -0.288 8    05-Jan-97
 50454.38       0.0        -0.289 8    06-Jan-97
 50456.48       0.0        -0.289 8 f  08-Jan-97
 50456.49       0.0     -4247.023 8 f  08-Jan-97
 50456.49       0.0     -4247.023 8 f  08-Jan-97
 50456.49       0.0      -550.128 8 f  08-Jan-97
 50456.49       0.0      -550.128 8    08-Jan-97
 50456.49       0.0      -550.128 8    08-Jan-97
 50456.49       0.0      -550.128 8    08-Jan-97
 50456.49       0.0      -550.118 8    08-Jan-97
 50456.49       0.0      -550.118 8 f  08-Jan-97
 50456.50       0.0     -1257.846 8 f  08-Jan-97
 50456.54       0.0     -1257.249 8 f  08-Jan-97
 50456.58       0.0     -1256.648 8 f  08-Jan-97
 50456.62       0.0        -2.079 8 f  08-Jan-97
 50456.67       0.0        -2.076 8    08-Jan-97
 50457.23       0.0        -2.075 8    09-Jan-97
 50457.73       0.0        -2.087 8    09-Jan-97
 50458.23       0.0        -2.074 8    10-Jan-97
 50458.73       0.0        -2.079 8    10-Jan-97
 50459.23       0.0        -2.075 8    11-Jan-97
 50459.73       0.0        -2.081 8    11-Jan-97
 50460.23       0.0        -2.072 8    12-Jan-97
 50460.73       0.0        -2.067 8    12-Jan-97
 50461.24       0.0        -2.069 8    13-Jan-97
 50461.73       0.0        -2.073 8    13-Jan-97
 50462.23       0.0        -2.075 8    14-Jan-97
 50462.73       0.0        -2.063 8    14-Jan-97
 50463.23       0.0        -2.063 8    15-Jan-97
 50463.73       0.0        -2.055 8    15-Jan-97
 50464.23       0.0        -2.062 8    16-Jan-97
 50464.73       0.0        -2.060 8    16-Jan-97
 50465.23       0.0        -2.059 8    17-Jan-97
 50465.73       0.0        -2.054 8    17-Jan-97
 50466.23       0.0        -2.052 8    18-Jan-97
 50466.73       0.0        -2.053 8    18-Jan-97
 50467.23       0.0        -2.049 8    19-Jan-97
 50467.73       0.0        -2.047 8    19-Jan-97
 50468.23       0.0        -2.053 8    20-Jan-97
 50468.73       0.0        -2.048 8    20-Jan-97
 50469.23       0.0        -2.047 8    21-Jan-97
 50469.73       0.0        -2.041 8    21-Jan-97
 50470.23       0.0        -2.043 8    22-Jan-97
 50470.73       0.0        -2.044 8    22-Jan-97
 50471.23       0.0        -2.038 8    23-Jan-97
 50471.73       0.0        -2.034 8    23-Jan-97
 50472.23       0.0        -2.044 8    24-Jan-97
 50472.73       0.0        -2.046 8    24-Jan-97
 50473.23       0.0        -2.036 8    25-Jan-97
 50473.73       0.0        -2.030 8    25-Jan-97
 50474.23       0.0        -2.024 8    26-Jan-97
 50474.73       0.0        -2.030 8    26-Jan-97
 50475.27       0.0        -2.021 8    27-Jan-97
 50475.73       0.0        -2.034 8    27-Jan-97
 50476.23       0.0        -2.020 8    28-Jan-97
 50476.73       0.0        -2.026 8    28-Jan-97
 50477.23       0.0        -2.007 8    29-Jan-97
 50477.73       0.0        -2.016 8    29-Jan-97
 50478.23       0.0        -2.010 8    30-Jan-97
 50478.73       0.0        -2.009 8    30-Jan-97
 50479.23       0.0        -2.002 8    31-Jan-97
 50479.73       0.0        -2.010 8    31-Jan-97
 50480.23       0.0        -1.996 8    01-Feb-97
 50480.73       0.0        -2.013 8    01-Feb-97
 50481.23       0.0        -2.008 8    02-Feb-97
 50481.73       0.0        -2.011 8    02-Feb-97
 50482.25       0.0        -1.997 8    03-Feb-97
 50482.73       0.0        -2.003 8    03-Feb-97
 50483.23       0.0        -1.995 8    04-Feb-97
 50483.73       0.0        -2.011 8    04-Feb-97
 50484.23       0.0        -1.989 8    05-Feb-97
 50484.73       0.0        -1.991 8    05-Feb-97
 50485.26       0.0        -1.990 8    06-Feb-97
 50485.73       0.0        -1.994 8    06-Feb-97
 50486.23       0.0        -1.982 8    07-Feb-97
 50486.73       0.0        -1.976 8    07-Feb-97
 50487.23       0.0        -1.983 8    08-Feb-97
 50487.73       0.0        -1.981 8    08-Feb-97
 50488.23       0.0        -1.981 8    09-Feb-97
 50488.73       0.0        -1.972 8    09-Feb-97
 50489.23       0.0        -1.971 8    10-Feb-97
 50489.73       0.0        -1.970 8    10-Feb-97
 50490.23       0.0        -1.966 8    11-Feb-97
 50490.73       0.0        -1.958 8    11-Feb-97
 50491.26       0.0        -1.964 8    12-Feb-97
 50491.73       0.0        -1.964 8    12-Feb-97
 50492.23       0.0        -1.963 8    13-Feb-97
 50492.73       0.0        -1.968 8    13-Feb-97
 50493.23       0.0        -1.958 8    14-Feb-97
 50493.73       0.0        -1.952 8    14-Feb-97
 50494.23       0.0        -1.943 8    15-Feb-97
 50494.73       0.0        -1.953 8    15-Feb-97
 50495.23       0.0        -1.939 8    16-Feb-97
 50495.73       0.0        -1.943 8    16-Feb-97
 50496.26       0.0        -1.929 8    17-Feb-97
 50496.73       0.0        -1.924 8    17-Feb-97
 50497.23       0.0        -1.926 8    18-Feb-97
 50497.73       0.0        -1.933 8    18-Feb-97
 50498.23       0.0        -1.932 8    19-Feb-97
 50498.73       0.0        -1.919 8    19-Feb-97
 50499.23       0.0        -1.917 8    20-Feb-97
 50499.73       0.0        -1.915 8    20-Feb-97
 50500.23       0.0        -1.913 8    21-Feb-97
 50500.73       0.0        -1.917 8    21-Feb-97
 50501.23       0.0        -1.897 8    22-Feb-97
 50501.73       0.0        -1.896 8    22-Feb-97
 50502.23       0.0        -1.887 8    23-Feb-97
 50502.73       0.0        -1.903 8    23-Feb-97
 50503.22       0.0        -1.894 8    24-Feb-97
 50503.73       0.0        -1.892 8    24-Feb-97
 50504.23       0.0        -1.886 8    25-Feb-97
 50504.73       0.0        -1.880 8    25-Feb-97
 50505.23       0.0        -1.879 8    26-Feb-97
 50505.73       0.0        -1.873 8    26-Feb-97
 50506.23       0.0        -1.879 8    27-Feb-97
 50506.71       0.0        -1.870 8    27-Feb-97
 50507.23       0.0        -1.878 8    28-Feb-97
 50507.72       0.0        -1.863 8    28-Feb-97
 50508.23       0.0        -1.860 8    01-Mar-97
 50508.73       0.0        -1.856 8    01-Mar-97
 50509.23       0.0        -1.856 8    02-Mar-97
 50509.73       0.0        -1.854 8    02-Mar-97
 50510.23       0.0        -1.848 8    03-Mar-97
 50510.73       0.0        -1.843 8    03-Mar-97
 50511.23       0.0        -1.842 8    04-Mar-97
 50511.73       0.0        -1.842 8    04-Mar-97
 50512.23       0.0        -1.823 8    05-Mar-97
 50512.73       0.0        -1.821 8    05-Mar-97
 50513.23       0.0        -1.835 8    06-Mar-97
 50513.71       0.0        -1.839 8    06-Mar-97
 50514.23       0.0        -1.825 8    07-Mar-97
 50514.73       0.0        -1.822 8    07-Mar-97
 50515.23       0.0        -1.818 8    08-Mar-97
 50515.73       0.0        -1.804 8    08-Mar-97
 50516.23       0.0        -1.806 8    09-Mar-97
 50516.73       0.0        -1.807 8    09-Mar-97
 50517.26       0.0        -1.798 8    10-Mar-97
 50517.74       0.0        -1.792 8    10-Mar-97
 50518.23       0.0        -1.801 8    11-Mar-97
 50518.73       0.0        -1.796 8    11-Mar-97
 50519.23       0.0        -1.790 8    12-Mar-97
 50519.72       0.0        -1.790 8    12-Mar-97
 50520.23       0.0        -1.778 8    13-Mar-97
 50520.73       0.0        -1.773 8    13-Mar-97
 50521.23       0.0        -1.764 8    14-Mar-97
 50521.73       0.0        -1.766 8    14-Mar-97
 50522.23       0.0        -1.762 8    15-Mar-97
 50522.73       0.0        -1.770 8    15-Mar-97
 50523.23       0.0        -1.862 8    16-Mar-97
 50523.73       0.0        -2.002 8    16-Mar-97
 50524.28       0.0        -2.006 8    17-Mar-97
 50524.71       0.0        -2.000 8    17-Mar-97
 50525.23       0.0        -2.002 8    18-Mar-97
 50525.73       0.0        -1.998 8    18-Mar-97
 50526.23       0.0        -1.994 8    19-Mar-97
 50526.73       0.0        -1.984 8    19-Mar-97
 50527.23       0.0        -1.982 8    20-Mar-97
 50527.73       0.0        -1.980 8    20-Mar-97
 50528.23       0.0        -1.983 8    21-Mar-97
 50528.73       0.0        -1.969 8    21-Mar-97
 50529.23       0.0        -1.964 8    22-Mar-97
 50529.73       0.0        -1.961 8    22-Mar-97
 50530.23       0.0        -1.955 8    23-Mar-97
 50530.73       0.0        -1.959 8    23-Mar-97
 50531.31       0.0        -1.964 8    24-Mar-97
 50531.73       0.0        -1.959 8    24-Mar-97
 50532.23       0.0        -1.947 8    25-Mar-97
 50532.73       0.0        -1.946 8    25-Mar-97
 50533.23       0.0        -1.929 8    26-Mar-97
 50533.73       0.0        -1.933 8    26-Mar-97
 50534.23       0.0        -1.930 8    27-Mar-97
 50534.73       0.0        -1.938 8    27-Mar-97
 50535.23       0.0        -1.927 8    28-Mar-97
 50535.73       0.0        -1.922 8    28-Mar-97
 50536.23       0.0        -1.929 8    29-Mar-97
 50536.73       0.0        -1.909 8    29-Mar-97
 50537.23       0.0        -1.915 8    30-Mar-97
 50537.66       0.0        -1.904 8    30-Mar-97
 50538.23       0.0        -1.907 8    31-Mar-97
 50538.73       0.0        -1.906 8    31-Mar-97
 50539.23       0.0        -1.903 8    01-Apr-97
 50539.73       0.0        -1.894 8    01-Apr-97
 50540.23       0.0        -1.873 8    02-Apr-97
 50540.73       0.0        -1.882 8    02-Apr-97
 50541.26       0.0        -1.877 8    03-Apr-97
 50541.29       0.0        -1.856 8    03-Apr-97
 50541.73       0.0        -1.880 8    03-Apr-97
 50542.23       0.0        -1.874 8    04-Apr-97
 50542.73       0.0        -1.870 8    04-Apr-97
 50543.23       0.0        -1.860 8    05-Apr-97
 50543.73       0.0        -1.864 8    05-Apr-97
 50544.23       0.0        -1.856 8    06-Apr-97
 50544.73       0.0        -1.862 8    06-Apr-97
 50577.70       0.0        -1.691 8    09-May-97
 50578.23       0.0        -1.562 8    10-May-97
 50582.78       0.0        -1.534 8    14-May-97
 50583.23       0.0        -1.527 8    15-May-97
 50583.73       0.0        -1.524 8    15-May-97
 50584.23       0.0        -1.528 8    16-May-97
 50585.71       0.0        -1.510 8    17-May-97
 50586.23       0.0        -1.496 8    18-May-97
 50586.52       0.0        -1.502 8    15-Jun-97
 50615.24       0.0        -1.200 8    16-Jun-97
 50615.73       0.0        -1.197 8    16-Jun-97
 50616.23       0.0        -1.189 8    17-Jun-97
 50616.73       0.0        -1.178 8    17-Jun-97
 50617.23       0.0        -1.172 8    18-Jun-97
 50617.73       0.0        -1.171 8    18-Jun-97
 50618.23       0.0        -1.165 8    19-Jun-97
 50618.73       0.0        -1.171 8    19-Jun-97
 50619.23       0.0        -1.147 8    20-Jun-97
 50619.73       0.0        -1.152 8    20-Jun-97
 50620.23       0.0        -1.143 8    21-Jun-97
 50620.73       0.0        -1.152 8    21-Jun-97
 50621.23       0.0        -1.138 8    22-Jun-97
 50621.73       0.0        -1.130 8    22-Jun-97
 50622.24       0.0        -1.127 8    23-Jun-97
 50622.73       0.0        -1.120 8    23-Jun-97
 50623.23       0.0        -1.113 8    24-Jun-97
 50623.73       0.0        -1.110 8    24-Jun-97
 50624.23       0.0        -1.095 8    25-Jun-97
 50624.73       0.0        -1.085 8    25-Jun-97
 50625.23       0.0        -1.079 8    26-Jun-97
 50625.73       0.0        -1.082 8    26-Jun-97
 50626.23       0.0        -1.072 8    27-Jun-97
 50626.73       0.0        -1.087 8    27-Jun-97
 50627.23       0.0        -1.061 8    28-Jun-97
 50627.73       0.0        -1.057 8    28-Jun-97
 50628.23       0.0        -1.047 8    29-Jun-97
 50628.73       0.0        -1.052 8    29-Jun-97
 50629.23       0.0        -1.042 8    30-Jun-97
 50629.70       0.0        -1.029 8    30-Jun-97
 50630.21       0.0        -1.026 8    01-Jul-97
 50630.73       0.0        -1.022 8    01-Jul-97
 50631.23       0.0        -1.020 8    02-Jul-97
 50631.73       0.0        -1.012 8    02-Jul-97
 50632.23       0.0        -1.015 8    03-Jul-97
 50632.73       0.0        -0.994 8    03-Jul-97
 50633.23       0.0        -0.996 8    04-Jul-97
 50633.73       0.0        -0.992 8    04-Jul-97
 50634.23       0.0        -0.981 8    05-Jul-97
 50634.73       0.0        -0.986 8    05-Jul-97
 50635.23       0.0        -0.973 8    06-Jul-97
 50635.73       0.0        -0.958 8    06-Jul-97
 50636.28       0.0        -0.946 8    07-Jul-97
 50636.73       0.0        -0.945 8    07-Jul-97
 50637.23       0.0        -0.944 8    08-Jul-97
 50637.73       0.0        -0.932 8    08-Jul-97
 50638.23       0.0        -0.932 8    09-Jul-97
 50638.73       0.0        -0.925 8    09-Jul-97
 50639.23       0.0        -0.918 8    10-Jul-97
 50639.73       0.0        -0.911 8    10-Jul-97
 50640.23       0.0        -0.909 8    11-Jul-97
 50640.73       0.0        -0.885 8    11-Jul-97
 50641.23       0.0        -0.893 8    12-Jul-97
 50641.73       0.0        -0.882 8    12-Jul-97
 50642.23       0.0        -0.867 8    13-Jul-97
 50642.73       0.0        -0.870 8    13-Jul-97
 50643.23       0.0        -0.869 8    14-Jul-97
 99999.0        0.0         0.0   8                 Jodrell -- no clock corr
